   3.8029441633258414        27.627019831773588        26.871216799351608     
   3.1465895544668565        20.526974553524152        20.340794487680501     
   3.4568857083622224        23.883569772918868        23.320715925765651     
  0.35638289554139779        3.4650212330811216        2.1961574548586640     
   2.2930056648919854        12.533727040196258        13.136891973902692     
   2.9493680337268291        18.491482773974408        18.546875899550148     
   4.5770959299494134        36.001323174930356        35.681094941807729     
   4.0567048375953014        30.372048590365512        29.626968652155025     
   1.1300946597759143        5.1995846834033932        5.6673979193817825     
   1.7375815667316123        8.2109716669642818        9.2319344012403217     
   3.7492248335595866        27.045916768719504        26.304361353258667     
   2.2853937050273632        12.471548463658754        13.079205502060788     
  0.79774388416574415        4.2649134167781559        4.0296269572210806     
   1.7825542424541285        8.5265541349670180        9.5251623546535971     
   3.1783352878248228        20.870380604446282        20.636821065306968     
   4.3379275718749604        33.414145224881061        32.831398334457873     
   2.0220266833235705        10.320225176659820        11.154671958043231     
   4.9763218097766444        40.319906125006497        40.692744183788633     
   4.3788866079574289        33.857215185560591        33.311307749221200     
   4.5728865959978950        35.955789158342874        35.629951607850899     
   4.5408101438415329        35.608805592444426        35.241387193938763     
   3.7348160324544906        26.890051114893570        26.153298893642575     
   2.8271959112598988        17.291440590472096        17.474624454424386     
   2.5238913688243017        14.419725478008955        14.941701748098712     
   3.4814420938268222        24.149205827447226        23.564765334149754     
   1.4136175005175673        6.0734521588392312        7.2391669393222360     
   4.9757444879868400        40.313661008734883        40.685266673691942     
  0.33926924180257834        3.4341966949959368        2.1329113438410312     
   3.0516350279218214        19.499814191206458        19.467381427404877     
   1.4496258903744774        6.2790312649618523        7.4502928931674290     
  0.74779898668988654        4.1335768915810007        3.8026002845640807     
   4.1114774904104747        30.964545862036413        30.238679625383437     
   1.7525551032630704        8.3160440367401574        9.3291146997626431     
   3.9813541868098867        29.556951042331168        28.795243721258274     
   1.7076251681761696        8.0007614885232634        9.0388592195171995     
   1.8912460996991181        9.2892671381428880        10.250550108724481     
   1.6464139774691127        7.5666608379595202        8.6499209176130023     
   2.4234027984485094        13.598880863037325        14.143089518873595     
   1.8469757741199473        8.9786132048132217        9.9522468325458195     
   4.0864851127019417        30.694193508374774        29.958815914440425     
  0.10530713092405775        3.0132506031214312        1.3270109845956299     
   1.0547617890025713        4.9783157895485273        5.2768077985476189     
  0.59378023455512963        3.8196657272796952        3.1339156706137334     
   2.1643828311291040        11.483066651041330        12.177701533073748     
  0.64441512665264600        3.9119972674086405        3.3485162354166835     
   1.0904965811942124        5.0894661690648606        5.4606725371789029     
   2.5442944138716639        14.596402109763300        15.106317306073546     
   3.0384013726336940        19.366017489987186        19.347087019123400     
   2.1044093286963155        10.993170871562702        11.741766608793023     
   4.8933121695348829        39.421958283561040        39.624440497122833     
   4.8726184013249663        39.198105675100763        39.360265288905566     
   3.1443631412842428        20.502890568752377        20.320108988119639     
   3.7801895905289786        27.380874691685666        26.630402111930582     
  0.93752418425946171        4.6274722495880942        4.6915241488497541     
   1.9963524962649837        10.110504627228131        10.974480778138382     
   4.3409329818960458        33.446655924038808        32.866498099001035     
   2.1406941254393348        11.289564579826882        12.004653715008482     
   2.3841707953998110        13.278412790731737        13.836782767836800     
  0.32949352066259818        3.4165889945487802        2.0970465421464288     
  0.75906852272654479        4.1632115845815063        3.8533905903738934     
   4.4988826260385624        35.155259185079039        34.736592760987321     
   2.6253544691955559        15.329775868196068        15.768549496511747     
   6.5481315799131856E-003   2.8696846172098911        1.0196872727669275     
   2.2627262155884784        12.286388235274046        12.908108573476792     
   4.6733596218310050        37.042645292251834        36.860369020453447     
   1.0182476782798728        4.8647413984407262        5.0915713691619695     
   1.8445480895236865        8.9615776452403946        9.9360019231365406     
   1.0430259892717579        4.9418124684430893        5.2169811821116028     
  0.62934181640930398        3.8845114391199407        3.2840965711092740     
   2.6901027520324328        15.944835728245122        16.306961072589765     
   3.7406986833468610        26.953686057237572        26.214922689633521     
   3.9935880058134905        29.689289061565152        28.929509177617842     
   2.7757937197085445        16.786539824728361        17.032411933499031     
   3.6207192714786056        25.655821693638099        24.971765857292382     
  0.16551091021005271        3.1212290265171028        1.5239265920287184     
   4.7897955552944556        38.302178459913875        38.311528127401886     
   2.5070324015179066        14.282012378144106        14.806308666814362     
   1.3384922854198278        5.7635989698758232        6.8070384543878770     
   4.2942755078531656        32.941943724563153        32.323628660907062     
   4.2534501034365952        32.500319310034563        31.852188092734568     
   1.1485739227340046        5.2484375881412424        5.7649438241865933     
   1.6690579937553545        7.7301277338694581        8.7929285677847133     
  0.61350011413750849        3.8556244659591763        3.2168827324592613     
   2.9716547814292058        18.710395540945161        18.745696484278678     
   3.2772674069720749        21.940568146268756        21.572283877717691     
   1.1101321196057734        5.1468104967126616        5.5627896817977271     
   3.1892722756278173        20.988690291863438        20.739274474971687     
  0.50727989711408239        3.6962985467555942        2.7791725853583209     
   1.1284211836366893        5.1951605799856297        5.6585979185900950     
   4.8819173745180295        39.298696315923337        39.478869375175101     
   2.7119184917298615        16.159121993987181        16.490257380975955     
   1.9933658198697279        10.086107850295788        10.953604751434096     
   2.2522276298645947        12.200630148319073        12.829212186319273     
   4.0388972885790215        30.179417347126400        29.429383173428036     
  0.39886590858816184        3.5415402087258787        2.3556917387983454     
   1.8667926327160955        9.1176721565736187        10.085292631711377     
   4.9890710053543099        40.457819174813594        40.858042512529991     
  0.45340058786019932        3.6226026298538261        2.5657738566525721     
   3.6653170864624922        26.138253753111329        25.430500603701368     
   2.6412209152065773        15.473324192923696        15.899710668544401     
   2.7701657642331727        16.731258932156919        16.984315654029075     
   3.8447133965069780        28.078854012292833        27.315961290801155     
  0.70359300077412368        4.0257878976552188        3.6058221130607073     
   1.9173977031797134        9.4727782909939311        10.428607061697981     
  0.60974793614572087        3.8487824572480180        3.2010363540711286     
   3.1515246530424852        20.580359450752955        20.386681597862012     
   3.5408097264306622        24.791408798006849        24.159762698077966     
   1.0715817447948321        5.0306329951371760        5.3630326701620330     
   1.1321495166091715        5.2050170280457460        5.6782110777858952     
   4.4348306314872961        34.462383633756630        33.972214624439900     
   2.0994620369133465        10.952758735102233        11.706126955180379     
   3.1845594326700128        20.937709620838877        20.695097078217593     
  0.86822125761384095        4.4502427257064570        4.3584719250140829     
   2.1678265148338345        11.511196509134869        12.202951342918112     
   1.3186677777219080        5.7088055664466584        6.6948880411677596     
  0.49841545988490166        3.6841738027960051        2.7436643503069829     
   2.6924087467464042        15.967486484209910        16.326291099795753     
   1.5827129734735923        7.0967309289912972        8.2531192768223960     
   2.7960662164607761        16.985667504401572        17.206184936215607     
   2.3373859887836916        12.896249362296878        13.475531226913391     
  0.79788149569134159        4.2652752839660470        4.0302593682406771     
  0.71878766460029497        4.0592830590526265        3.6730187005824311     
   2.4990264813351564        14.216615722133104        14.742212798419843     
   2.7377372508219717        16.412728131055012        16.708417007004165     
   1.6906111854853094        7.8813708905240185        8.9299997369439712     
   1.0209514286225441        4.8731512102312537        5.1051961054740458     
   3.1348137511050425        20.399591069157392        20.231498507432395     
   3.1994142237326666        21.098399722988280        20.834494046220900     
