   9.5955443172927719        117.70400176712714        121.86110369700792     
   3.9443880164241465        29.157073476211071        28.391360873382855     
   3.2962185746760597        22.145570361470543        21.753712616067656     
   7.3268016624081920        79.325207642548250        76.662427587492019     
   2.3823099320560051        13.263212259474811        13.822330408540703     
   4.4995852171829469        35.162859389099715        34.745022778240148     
   2.8879655390394077        17.888353497758978        18.004241571797397     
   2.8540157600494407        17.554879984441175        17.707453238758909     
   4.4734451638467370        34.880092177964272        34.432047125483969     
   5.8599703603786466        54.511808716549808        52.919163705652188     
   5.1421828121845685        42.705913760092066        42.868592510480106     
  0.66826169592497320        3.9554809281117227        3.4513587820154412     
   2.4878689960037468        14.125475389290647        14.653099129287931     
   9.1341343863233551        109.89864018960954        111.83481414638480     
   6.7629210688237738        69.786418760773259        67.025864589611814     
   4.1814654745046607        31.721633340809472        31.029049937988468     
   5.3839930327193573        46.636246199334565        46.139360074528653     
   9.2541528729984996        111.92891223537542        114.40180401582188     
   4.9607362485388293        40.151310995206487        40.491112873183589     
   7.7017324480566538        85.667659662123370        83.421880045618707     
   2.8424559309223030        17.441332946814821        17.606923512002286     
   7.0438353367189901        74.538456560651341        71.747122260968098     
   3.5183059521886451        24.547976644269731        23.933394629771986     
   7.5957453693385819        83.874747510880127        81.482583823844251     
   7.4460811797928796        81.342979041666652        78.782368475444358     
   2.6750857255104887        15.797330184973710        16.181340815361445     
   3.6686144386341146        26.173922505034234        25.464575215257042     
   6.6243156144473945        67.441723479181078        64.754504203153743     
   3.5453607200601955        24.840638681357380        24.205664795526335     
   4.1008753134432681        30.849857954769281        30.119804276738225     
   4.9050477713527174        39.548906892056344        39.774636953310413     
   1.0583595089853259        4.9895062265694587        5.2952033772156382     
   5.7531953755833136        52.705568087938865        51.358843156383166     
   9.2770622459001864        112.31645469384866        114.89507065200716     
   9.4128996539856971        114.61432479740849        117.84137885796115     
  0.40798269201857029        3.5579610527112586        2.3903979530424304     
   3.7593493274534593        27.155437390797285        26.410755348185155     
   6.1118638362423692        58.772921289491748        56.690471061494392     
   3.1077952056268279        20.107320863907749        19.981776656997582     
   4.6186113546328329        36.450411809366010        36.187404909041831     
   8.5124641355563462        99.382262531617215        98.999438065802096     
   1.7836899751078006        8.5345238033952100        9.5326198526234673     
  0.74601157008383323        4.1288766499550693        3.7945679729504458     
   2.7502465820019371        16.535601703194374        16.814596007819148     
   3.5010910352950022        24.361756135178393        23.760911543308037     
   4.9725265402875971        40.278851206138420        40.643599814727331     
   8.3104895199865361        95.965593755784184        94.995704621765654     
   7.3144259232611022        79.115855584110477        76.444104356657334     
   3.1753596174226519        20.838191610412558        20.608987552226488     
   9.2464071510391470        111.79788306475346        114.23526665590532     
   7.2454854641420248        77.949636188671988        75.233516003519441     
   3.1011239608306296        20.035155391957094        19.920341702929740     
   5.6209154111967621        50.487132682349298        49.457436293419548     
   1.6558473934590168        7.6364370841016660        8.7093727708020694     
   9.6066887695730490        117.89252497348335        122.10853542416010     
   6.6862038286500436        68.488644788879881        65.763933124204627     
   8.3875687419606546        97.269491130419610        96.514015626997406     
   9.9644532048174170        123.94458538490906        130.18368728544834     
   8.1461906209729875        93.186259746014443        91.798993496147233     
   1.3814561375520840        5.8912733483912101        7.0527894726365750     
   2.7164747219475718        16.203875808102840        16.528659080822855     
   9.3336956480424895        113.27448388094679        116.11896139441478     
   5.6120998418799131        50.343846273777437        49.331964160868282     
   6.3358470305354739        62.561894394322778        60.150498685951604     
   9.5346519656063027        116.67392679405560        120.51354400205904     
   3.8432234535419973        28.062736714767095        27.300036874481268     
   8.3257332596881266        96.223461851328821        95.295034090541449     
   9.9908194032367739        124.39060463650010        130.78893055780273     
  0.23282367911198532        3.2424705241132883        1.7526779028911967     
   8.7543683811795034        103.47439401274593        103.90207089693395     
   2.2728601877815349        12.369167963076269        12.984473996546919     
   3.7046062618315312        26.563260175402164        25.837926340695986     
   7.7141927248738043        85.878441787487432        83.651347571117341     
   6.0898562937384062        58.400634489519511        56.355918559600497     
   3.6187878163051233        25.634928385356961        24.951988708353774     
   6.8581217113349391        71.396864022864690        68.608198541488491     
   6.9311842602138007        72.632814039320607        69.834868029676940     
   5.2603322610927954        44.626290039868969        44.452092280372028     
   7.7555395533164546        86.577878285094727        84.415012423005365     
   5.4317975579333169        47.413250892417757        46.799817384170296     
   3.9393538707174658        29.102617147311552        28.336570530889077     
   4.7077157935103022        37.414289478516288        37.285735372997237     
  0.95110606880330018        4.6586405931637715        4.7579209605243680     
   9.0941991591979701        109.22308280240934        110.98705582475098     
  0.68778970772528147        3.9910898003831647        3.5364238052286727     
   7.5973160045609331        83.901316890934595        81.511158486840500     
   3.7533977700012833        27.091057059165259        26.348188129854456     
   7.6182100598916538        84.254767577039885        81.891754696309363     
  0.19589040939178570        3.1759475596735904        1.6260442806670385     
   7.8471598868048389        88.127757866635378        86.119397949493447     
   5.6517801938759877        50.989995644553836        49.897959941516859     
   5.3422203443945380        45.957281713737970        45.565979241246509     
   1.2700586777187128        5.5551908831940633        6.4232250780047435     
   9.5275431290428028        116.55367138547126        120.35670746289912     
   1.8459415909914989        8.9713561301829170        9.9453251303267223     
   2.7428661996812584        16.463107504547818        16.751913588397684     
   6.6032788686176067        67.085858993839693        64.413128422584634     
   6.8560469928177223        71.361767404626718        68.573521346178097     
  0.37831595067115087        3.5045263150168404        2.2780708105456693     
   8.1796398912040438        93.752098561206296        92.445428423388634     
   2.8035894211111745        17.059564582992827        17.270881905500012     
   9.4021902875132000        114.43316164513659        117.60775306514715     
   3.8934711980830237        28.606286278609417        27.839531564551127     
   8.6904316656227572        102.39281958293076        102.59489753172700     
   9.1909453248226392        110.85967263989380        113.04631193834705     
   3.8165229681819026        27.773907090583499        27.015416471205707     
   4.5737421988710016        35.965044550256430        35.640344298346349     
   1.8260100529835088        8.8314924495235374        9.8123428725473634     
   7.3994825534450701        80.554701409895429        77.950789719073185     
  0.28160611469567942        3.3303358079671352        1.9241203479210345     
   5.9926943907049761        56.757011901808241        54.890469232501815     
   2.5020190555092290        14.241060675290509        14.766156520658981     
   7.0572415483639119        74.765240429506306        71.976382917045598     
  0.66614091382755536        3.9516137316149820        3.4421664585576766     
   8.3444195643429317        96.539565503610348        95.662596558817881     
   1.8481390292834576        8.9867760043246889        9.9600349594111748     
   3.5710215393297515        25.118221829600291        24.465259452346281     
   8.4861244562240881        98.936691885592737        98.472681655196837     
   4.8822818040273139        39.302638492883361        39.483521026018146     
   8.7130535791524473        102.77549928447856        103.05646341063861     
   3.5959537074561321        25.387922872592831        24.718744188535897     
   2.4055038935174053        13.452672994106143        14.002960662279612     
   3.9147793735237810        28.836785171104825        28.069835663938591     
   9.8450149199239316        121.92412822259017        127.45936353329661     
   7.7910071412762480        87.177859624306421        85.072813699246240     
   9.6143714445316188        118.02248762038215        122.27925260701986     
   9.4073492697764056        114.52043267948929        117.72026809289189     
   2.2166283786550576        11.909836344177045        12.563326505024122     
