9.003958e+00 1.076965e+02 1.090831e+02
8.417960e+00 9.778360e+01 9.711593e+01
5.553901e+00 4.939789e+01 4.850752e+01
8.214834e+00 9.434746e+01 9.312801e+01
7.286831e+00 7.864906e+01 7.595841e+01
8.749067e+00 1.033847e+02 1.037934e+02
8.955842e+00 1.068826e+02 1.080746e+02
9.889831e+00 1.226823e+02 1.284783e+02
8.450767e+00 9.833857e+01 9.776776e+01
9.625547e+00 1.182115e+02 1.225278e+02
6.013193e+00 5.710377e+01 5.519807e+01
8.176855e+00 9.370498e+01 9.239152e+01
6.820504e+00 7.076050e+01 6.798078e+01
6.855243e+00 7.134816e+01 6.856008e+01
7.637430e+00 8.457989e+01 8.224262e+01
6.901542e+00 7.213137e+01 6.933590e+01
5.602308e+00 5.018469e+01 4.919278e+01
8.588294e+00 1.006650e+02 1.005237e+02
7.332210e+00 7.941669e+01 7.675793e+01
9.047287e+00 1.084295e+02 1.099953e+02
6.660502e+00 6.805386e+01 6.534379e+01
9.590301e+00 1.176153e+02 1.217448e+02
7.223917e+00 7.758478e+01 7.485673e+01
5.315192e+00 4.551796e+01 4.519684e+01
9.569755e+00 1.172677e+02 1.212895e+02
5.464067e+00 4.793775e+01 4.724823e+01
8.946805e+00 1.067297e+02 1.078857e+02
7.672547e+00 8.517395e+01 8.288561e+01
9.971297e+00 1.240604e+02 1.303406e+02
5.433191e+00 4.743590e+01 4.681914e+01
9.663398e+00 1.188518e+02 1.233715e+02
6.252305e+00 6.114867e+01 5.884823e+01
9.779214e+00 1.208110e+02 1.259707e+02
8.269677e+00 9.527519e+01 9.419658e+01
8.534696e+00 9.975835e+01 9.944513e+01
6.417154e+00 6.393731e+01 6.143133e+01
8.730615e+00 1.030726e+02 1.034155e+02
9.519357e+00 1.164152e+02 1.201762e+02
8.088537e+00 9.221097e+01 9.069004e+01
5.101221e+00 4.204013e+01 4.232612e+01
8.842509e+00 1.049654e+02 1.057175e+02
8.852772e+00 1.051390e+02 1.059299e+02
5.868140e+00 5.465001e+01 5.303948e+01
6.922373e+00 7.248375e+01 6.968636e+01
7.220972e+00 7.753496e+01 7.480535e+01
9.394078e+00 1.142959e+02 1.174309e+02
9.145129e+00 1.100846e+02 1.120688e+02
5.260015e+00 4.462114e+01 4.444781e+01
9.990158e+00 1.243794e+02 1.307737e+02
9.658214e+00 1.187642e+02 1.232557e+02
6.017977e+00 5.718470e+01 5.526998e+01
6.917267e+00 7.239739e+01 6.960039e+01
6.243686e+00 6.100286e+01 5.871467e+01
6.417345e+00 6.394055e+01 6.143436e+01
8.659556e+00 1.018705e+02 1.019666e+02
9.513691e+00 1.163193e+02 1.200514e+02
6.914426e+00 7.234932e+01 6.955256e+01
5.517747e+00 4.881026e+01 4.799877e+01
8.552429e+00 1.000583e+02 9.980132e+01
8.042180e+00 9.142677e+01 8.980319e+01
6.613979e+00 6.726687e+01 6.458666e+01
6.744572e+00 6.947601e+01 6.672296e+01
7.921411e+00 8.938381e+01 8.751298e+01
6.421117e+00 6.400434e+01 6.149409e+01
7.666032e+00 8.506375e+01 8.276615e+01
9.834110e+00 1.217397e+02 1.272120e+02
8.966759e+00 1.070673e+02 1.083030e+02
9.196586e+00 1.109551e+02 1.131670e+02
7.787152e+00 8.711264e+01 8.500119e+01
8.417288e+00 9.777224e+01 9.710261e+01
6.288045e+00 6.175326e+01 5.940365e+01
5.860867e+00 5.452698e+01 5.293237e+01
5.651356e+00 5.098283e+01 4.989190e+01
5.234181e+00 4.420123e+01 4.409919e+01
6.872700e+00 7.164348e+01 6.885211e+01
7.290885e+00 7.871763e+01 7.602966e+01
6.341271e+00 6.265365e+01 6.023553e+01
8.827375e+00 1.047094e+02 1.054047e+02
9.446158e+00 1.151769e+02 1.185684e+02
9.872431e+00 1.223879e+02 1.280822e+02
6.159229e+00 5.957416e+01 5.741378e+01
6.281485e+00 6.164228e+01 5.930150e+01
6.127840e+00 5.904318e+01 5.693394e+01
7.640537e+00 8.463245e+01 8.229941e+01
8.006561e+00 9.082425e+01 8.912471e+01
8.937422e+00 1.065710e+02 1.076898e+02
6.198733e+00 6.024243e+01 5.802049e+01
7.763151e+00 8.670664e+01 8.455597e+01
8.759233e+00 1.035567e+02 1.040019e+02
5.429617e+00 4.737782e+01 4.676960e+01
7.143596e+00 7.622605e+01 7.346176e+01
9.248964e+00 1.118411e+02 1.142902e+02
9.957241e+00 1.238226e+02 1.300184e+02
5.576534e+00 4.976576e+01 4.882733e+01
8.469101e+00 9.864872e+01 9.813298e+01
6.652302e+00 6.791516e+01 6.521004e+01
9.706823e+00 1.195864e+02 1.243429e+02
6.163424e+00 5.964513e+01 5.747807e+01
5.035256e+00 4.096795e+01 4.145957e+01
7.469098e+00 8.173234e+01 7.919472e+01
8.962794e+00 1.070002e+02 1.082201e+02
6.760462e+00 6.974482e+01 6.698523e+01
9.016657e+00 1.079114e+02 1.093501e+02
9.331959e+00 1.132451e+02 1.160813e+02
7.455127e+00 8.149600e+01 7.894430e+01
9.407893e+00 1.145296e+02 1.177321e+02
9.876436e+00 1.224557e+02 1.281733e+02
9.840103e+00 1.218410e+02 1.273479e+02
8.566631e+00 1.002986e+02 1.000871e+02
8.483416e+00 9.889087e+01 9.841859e+01
9.042506e+00 1.083486e+02 1.098944e+02
6.669873e+00 6.821238e+01 6.549682e+01
9.463471e+00 1.154698e+02 1.189477e+02
9.918822e+00 1.231727e+02 1.291395e+02
9.666243e+00 1.189000e+02 1.234350e+02
7.501395e+00 8.227868e+01 7.977511e+01
6.247973e+00 6.107539e+01 5.878109e+01
9.921505e+00 1.232181e+02 1.292008e+02
8.607538e+00 1.009906e+02 1.009123e+02
9.896900e+00 1.228018e+02 1.286393e+02
7.020456e+00 7.414296e+01 7.134817e+01
6.963933e+00 7.318680e+01 7.038816e+01
6.931503e+00 7.263821e+01 6.984025e+01
8.800324e+00 1.042518e+02 1.048467e+02
5.257445e+00 4.457936e+01 4.441306e+01
9.086222e+00 1.090881e+02 1.108181e+02
6.499457e+00 6.532958e+01 6.274132e+01
9.116607e+00 1.096021e+02 1.114623e+02
