4.091113e+00 3.074426e+01 3.001055e+01
1.313570e+00 5.692695e+00 6.666174e+00
1.148106e+00 5.247200e+00 5.762465e+00
7.766672e-02 2.965896e+00 1.239032e+00
4.896130e+00 3.945244e+01 3.966048e+01
3.774984e+00 2.732456e+01 2.657546e+01
3.411356e+00 2.339105e+01 2.287141e+01
2.237064e+00 1.207677e+01 1.271565e+01
2.843425e+00 1.745085e+01 1.761534e+01
2.828117e+00 1.730049e+01 1.748260e+01
2.130141e+00 1.120336e+01 1.192792e+01
2.456172e-01 3.265514e+00 1.797179e+00
4.350584e+00 3.355106e+01 3.297934e+01
4.401717e+00 3.410418e+01 3.358027e+01
1.460945e+00 6.343656e+00 7.517197e+00
2.650532e+00 1.555756e+01 1.597692e+01
4.197378e+00 3.189376e+01 3.121011e+01
3.819477e+00 2.780587e+01 2.704684e+01
2.590581e+00 1.501517e+01 1.548286e+01
3.248625e+00 2.163074e+01 2.129944e+01
2.587863e+00 1.499058e+01 1.546063e+01
4.540248e-01 3.623456e+00 2.568213e+00
2.196010e+00 1.174141e+01 1.241049e+01
7.404266e-02 2.959688e+00 1.227610e+00
1.627248e+00 7.424893e+00 8.529678e+00
1.185386e+00 5.345757e+00 5.961300e+00
2.254904e+00 1.222250e+01 1.284931e+01
4.961287e+00 4.015726e+01 4.049822e+01
3.142497e+00 2.048270e+01 2.030278e+01
4.662284e+00 3.692284e+01 3.672375e+01
3.692269e+00 2.642980e+01 2.570966e+01
4.621797e+00 3.648487e+01 3.622639e+01
2.965931e-01 3.357330e+00 1.977747e+00
1.694080e+00 7.905715e+00 8.952149e+00
2.619606e+00 1.527777e+01 1.572116e+01
1.382500e+00 5.895799e+00 7.058809e+00
8.097849e-01 4.296577e+00 4.085106e+00
1.588546e+00 7.138632e+00 8.289119e+00
2.767303e+00 1.670314e+01 1.695987e+01
2.261425e+00 1.227576e+01 1.289832e+01
1.361566e+00 5.815030e+00 6.938561e+00
3.954357e+00 2.926491e+01 2.850001e+01
2.257112e+00 1.224053e+01 1.286589e+01
1.585865e+00 7.118801e+00 8.272565e+00
1.616498e+00 7.345383e+00 8.462562e+00
4.908996e+00 3.959162e+01 3.982523e+01
1.663705e+00 7.692563e+00 8.759028e+00
4.522887e+00 3.541492e+01 3.502517e+01
1.124985e+00 5.186076e+00 5.640546e+00
4.317935e+00 3.319788e+01 3.259837e+01
4.753209e+00 3.790641e+01 3.785262e+01
2.160852e+00 1.145423e+01 1.215184e+01
3.133469e+00 2.038505e+01 2.021904e+01
3.931726e+00 2.902010e+01 2.825365e+01
4.496070e+00 3.512484e+01 3.470286e+01
2.852815e-01 3.336956e+00 1.937230e+00
2.885416e+00 1.786331e+01 1.798188e+01
1.429142e+00 6.162087e+00 7.329876e+00
4.486515e+00 3.502147e+01 3.458836e+01
4.899699e+00 3.949105e+01 3.970615e+01
3.928837e+00 2.898885e+01 2.822227e+01
2.896990e+00 1.797700e+01 1.808352e+01
7.301566e-01 4.087184e+00 3.723598e+00
3.775690e+00 2.733220e+01 2.658290e+01
4.873004e-01 3.668971e+00 2.699363e+00
3.983773e+00 2.958312e+01 2.882177e+01
4.942684e+00 3.995604e+01 4.025818e+01
1.017674e+00 4.862956e+00 5.088680e+00
2.314693e+00 1.271088e+01 1.330188e+01
4.267492e+00 3.265221e+01 3.201396e+01
2.063530e+00 1.065925e+01 1.144875e+01
1.858849e+00 9.061931e+00 1.003187e+01
4.575619e+00 3.598535e+01 3.566315e+01
3.847234e+00 2.810612e+01 2.734291e+01
9.014178e-01 4.537537e+00 4.516807e+00
9.535125e-01 4.664163e+00 4.769723e+00
5.323658e-01 3.730611e+00 2.880511e+00
1.065839e+00 5.012771e+00 5.333531e+00
2.963143e+00 1.862679e+01 1.866964e+01
4.980701e+00 4.036727e+01 4.074948e+01
4.443357e+00 3.455462e+01 3.407350e+01
7.626190e-01 4.172548e+00 3.869445e+00
1.558437e+00 6.933101e+00 8.104035e+00
4.940326e+00 3.993052e+01 4.022780e+01
4.463473e+00 3.477222e+01 3.431301e+01
3.990490e+00 2.965578e+01 2.889549e+01
3.088411e+00 1.989763e+01 1.980351e+01
2.736845e+00 1.640396e+01 1.670085e+01
3.724649e+00 2.678007e+01 2.604696e+01
4.034051e+00 3.012700e+01 2.937572e+01
1.143730e+00 5.235632e+00 5.739309e+00
4.638144e-01 3.636847e+00 2.606567e+00
1.346677e+00 5.781843e+00 6.853572e+00
3.076723e+00 1.977120e+01 1.969639e+01
4.424321e+00 3.434870e+01 3.384758e+01
1.736379e+00 8.202530e+00 9.224146e+00
4.223984e+00 3.218157e+01 3.151399e+01
2.451288e+00 1.382666e+01 1.436268e+01
3.875933e+00 2.841657e+01 2.765065e+01
4.254216e+00 3.250860e+01 3.186100e+01
4.492799e+00 3.508945e+01 3.466364e+01
1.105325e+00 5.134102e+00 5.537719e+00
1.160010e+00 5.278671e+00 5.825653e+00
1.941222e+00 9.660171e+00 1.059201e+01
1.839756e+00 8.927950e+00 9.903970e+00
4.393674e+00 3.401718e+01 3.348540e+01
1.651370e+00 7.603323e+00 8.681136e+00
4.124777e+00 3.110841e+01 3.038812e+01
9.946976e-01 4.791491e+00 4.973516e+00
8.589448e-01 4.425849e+00 4.314621e+00
2.241612e+00 1.211392e+01 1.274966e+01
4.451109e+00 3.463848e+01 3.416570e+01
8.233431e-01 4.332230e+00 4.147923e+00
3.713587e+00 2.666041e+01 2.593149e+01
4.642869e-01 3.637493e+00 2.608423e+00
2.782959e+00 1.685693e+01 1.709374e+01
1.942382e+00 9.669641e+00 1.059999e+01
1.906351e+00 9.395262e+00 1.035323e+01
4.643506e+00 3.671970e+01 3.649266e+01
7.586112e-01 4.162009e+00 3.851325e+00
4.698062e+00 3.730986e+01 3.716597e+01
3.420872e+00 2.349400e+01 2.296499e+01
4.259204e-02 2.908219e+00 1.129590e+00
2.007396e+00 1.020071e+01 1.105182e+01
1.456567e+00 6.318661e+00 7.491290e+00
2.385967e+00 1.329308e+01 1.385074e+01
3.476911e+00 2.410019e+01 2.351964e+01
9.663810e-01 4.703414e+00 4.833035e+00
